32.24277586 88.00280528 20.57829836 31.74397164 43.75964395 42.43778038
29.98704003 90.34754347 21.97877372 33.31555032 44.25127479 44.87037341
31.47028282 88.87690192 18.74858385 33.19088776 44.96072857 44.86733174
32.154147 88.0174189 20.75032569 32.8308963 47.80965206 43.46530213
32.98047896 90.28955095 20.48190384 31.00377041 43.74474885 46.34298369
100.22427249 89.66891903 19.49586265 33.30366252 44.84399543 44.38620439
98.91386345 86.88619333 21.15653264 34.85350047 45.20070367 44.34336512
98.6438615 89.09825824 21.15803034 34.44882292 44.85170896 44.19793814
100.76248192 87.88341751 20.6107849 34.35669861 46.28748639 42.00307811
101.59526755 91.9637862 20.3444201 34.36086199 46.3218226 45.24131951
101.41787933 86.01723063 22.12335837 34.65944799 44.40702234 43.25655351
32.84594444 88.37563786 100.96859151 31.72708431 45.1863847 44.01721562
30.02053272 92.29890679 101.2051303 32.66914331 44.86670786 43.41566105
29.96851861 89.92184147 98.060783 34.05759969 43.41425224 41.85408797
34.59479743 89.06386419 100.51903813 35.1457628 46.39851924 43.86783592
32.80846435 90.41754888 99.17201153 30.49668114 43.56561671 43.9894182
30.23523581 90.20371509 20.16209673 9.23829465 40.62672765 40.55022952
30.20087147 80.98712676 10.98851073 2.47711841 40.47414021 40.52840054
30.29394596 90.19071149 10.77528720 1.29141783 40.39666337 40.37766140
30.51073738 80.84345879 20.27158386 7.08289937 40.69193309 40.51524089
30.15953653 90.001196120 20.27342338 1.89773744 40.29511474 40.30460790